2.920000000000000000e+03 1.274232742628379005e-05
2.930000000000000000e+03 4.719190112798606236e-05
2.940000000000000000e+03 1.302968354980286862e-04
2.942000000000000000e+03 1.068747523230085850e-04
2.944000000000000000e+03 1.251854090537483000e-04
2.946000000000000000e+03 1.511987265777098473e-04
2.948000000000000000e+03 1.779419235599015523e-04
2.950000000000000000e+03 2.091597495979427665e-04
2.952000000000000000e+03 2.403501464853006564e-04
2.954000000000000000e+03 2.761321407829034607e-04
2.956000000000000000e+03 3.145533576846427232e-04
2.958000000000000000e+03 3.557426648731464849e-04
2.960000000000000000e+03 4.004263078055950902e-04
2.962000000000000000e+03 4.485012279475281702e-04
2.964000000000000000e+03 5.031676974137842774e-04
2.966000000000000000e+03 5.576170672256766832e-04
2.968000000000000000e+03 6.193145161886367970e-04
2.970000000000000000e+03 6.826080472276881443e-04
2.972000000000000000e+03 7.493127149885788927e-04
2.974000000000000000e+03 8.214752652101616707e-04
2.976000000000000000e+03 8.961129429514562992e-04
2.978000000000000000e+03 9.752652628122860474e-04
2.980000000000000000e+03 1.059643780975630173e-03
2.982000000000000000e+03 1.148356491211255598e-03
2.984000000000000000e+03 1.240442530633324844e-03
2.986000000000000000e+03 1.335934493938209337e-03
2.988000000000000000e+03 1.435769493618778165e-03
2.990000000000000000e+03 1.538123019947336498e-03
2.992000000000000000e+03 1.645738510890876801e-03
2.994000000000000000e+03 1.751018835198208138e-03
2.996000000000000000e+03 1.859828145811744842e-03
2.998000000000000000e+03 1.970127574274233538e-03
3.000000000000000000e+03 2.085596806367333040e-03
3.002000000000000000e+03 2.202519775401574117e-03
3.004000000000000000e+03 2.318167776850891225e-03
3.006000000000000000e+03 2.436216326752396136e-03
3.008000000000000000e+03 2.558534030386057281e-03
3.010000000000000000e+03 2.682423574340796462e-03
3.012000000000000000e+03 2.810422569541289918e-03
3.014000000000000000e+03 2.935114845963416891e-03
3.016000000000000000e+03 3.061184563587093007e-03
3.018000000000000000e+03 3.195295082184381602e-03
3.020000000000000000e+03 3.336305060672483877e-03
3.022000000000000000e+03 3.477558280080306555e-03
3.024000000000000000e+03 3.623765714321372164e-03
3.026000000000000000e+03 3.782209294081810905e-03
3.028000000000000000e+03 3.945417596073509670e-03
3.030000000000000000e+03 4.110676066734880382e-03
3.032000000000000000e+03 4.280422441326422328e-03
3.034000000000000000e+03 4.467560025338559136e-03
3.036000000000000000e+03 4.672367773004068928e-03
3.038000000000000000e+03 4.889863623796468842e-03
3.040000000000000000e+03 5.117105267674563335e-03
3.042000000000000000e+03 5.357374487682459337e-03
3.044000000000000000e+03 5.604409216062039220e-03
3.046000000000000000e+03 5.873735757733802507e-03
3.048000000000000000e+03 6.169112814877715685e-03
3.050000000000000000e+03 6.487944481667285747e-03
3.052000000000000000e+03 6.829582544742398599e-03
3.054000000000000000e+03 7.191883630408871415e-03
3.056000000000000000e+03 7.573716529283323201e-03
3.058000000000000000e+03 7.982422925432157423e-03
3.060000000000000000e+03 8.426805423243109716e-03
3.062000000000000000e+03 8.897692649954186406e-03
3.064000000000000000e+03 9.401490100752685902e-03
3.066000000000000000e+03 9.936943174278966423e-03
3.068000000000000000e+03 1.050021968709463627e-02
3.070000000000000000e+03 1.109658213854967414e-02
3.072000000000000000e+03 1.172495415008040914e-02
3.074000000000000000e+03 1.237369723782976924e-02
3.076000000000000000e+03 1.304225293117142019e-02
3.078000000000000000e+03 1.372813174353898318e-02
3.080000000000000000e+03 1.442818268807383869e-02
3.082000000000000000e+03 1.514450334432621351e-02
3.084000000000000000e+03 1.587025000875764633e-02
3.086000000000000000e+03 1.658259038457212189e-02
3.088000000000000000e+03 1.727672375211440278e-02
3.090000000000000000e+03 1.795823310177606380e-02
3.092000000000000000e+03 1.860974011076571219e-02
3.094000000000000000e+03 1.923240146529938202e-02
3.096000000000000000e+03 1.981947711502330886e-02
3.098000000000000000e+03 2.036599263994127648e-02
3.100000000000000000e+03 2.086281819109408672e-02
3.102000000000000000e+03 2.136682920299980484e-02
3.104000000000000000e+03 2.182174910853213606e-02
3.106000000000000000e+03 2.222487250640381440e-02
3.108000000000000000e+03 2.258488989445528450e-02
3.110000000000000000e+03 2.290161670586257289e-02
3.112000000000000000e+03 2.317798242595537142e-02
3.114000000000000000e+03 2.342374506051805860e-02
3.116000000000000000e+03 2.364272012982122223e-02
3.118000000000000000e+03 2.384508645296217616e-02
3.120000000000000000e+03 2.401885165300593830e-02
3.122000000000000000e+03 2.416013948371852071e-02
3.124000000000000000e+03 2.427750478368669029e-02
3.126000000000000000e+03 2.439093028884387060e-02
3.128000000000000000e+03 2.451448127673450106e-02
3.130000000000000000e+03 2.464695106939555902e-02
3.132000000000000000e+03 2.477694694197650482e-02
3.134000000000000000e+03 2.490017484402003156e-02
3.136000000000000000e+03 2.500672795693652251e-02
3.138000000000000000e+03 2.512133091804157059e-02
3.140000000000000000e+03 2.526236295107287325e-02
3.142000000000000000e+03 2.540452628394940932e-02
3.144000000000000000e+03 2.554059203401348732e-02
3.146000000000000000e+03 2.567944806421747564e-02
3.148000000000000000e+03 2.585382069785758033e-02
3.150000000000000000e+03 2.603192871538912920e-02
3.152000000000000000e+03 2.618689141577281235e-02
3.154000000000000000e+03 2.634825094387778857e-02
3.156000000000000000e+03 2.652415386592215166e-02
3.158000000000000000e+03 2.670816335337270614e-02
3.160000000000000000e+03 2.691122920308254216e-02
3.162000000000000000e+03 2.711374983390221413e-02
3.164000000000000000e+03 2.731655379144663082e-02
3.166000000000000000e+03 2.752523828696341185e-02
3.168000000000000000e+03 2.771992804121302736e-02
3.170000000000000000e+03 2.789633394209774936e-02
3.172000000000000000e+03 2.808025649407151769e-02
3.174000000000000000e+03 2.827902014616227172e-02
3.176000000000000000e+03 2.846740288623313825e-02
3.178000000000000000e+03 2.861771309282839723e-02
3.180000000000000000e+03 2.877827728660562606e-02
3.182000000000000000e+03 2.894246369799373733e-02
3.184000000000000000e+03 2.909790381399524409e-02
3.186000000000000000e+03 2.925186091940918179e-02
3.188000000000000000e+03 2.938091036896883085e-02
3.190000000000000000e+03 2.949328184148070423e-02
3.192000000000000000e+03 2.961666010876251587e-02
3.194000000000000000e+03 2.974312557714565985e-02
3.196000000000000000e+03 2.985547755408880441e-02
3.198000000000000000e+03 2.995348709560460149e-02
3.200000000000000000e+03 3.005445847410648935e-02
3.202000000000000000e+03 3.016324924901417348e-02
3.204000000000000000e+03 3.026500391252933894e-02
3.206000000000000000e+03 3.034859149213650284e-02
3.208000000000000000e+03 3.042690024331225901e-02
3.210000000000000000e+03 3.050353419966139734e-02
3.212000000000000000e+03 3.057795786359961132e-02
3.214000000000000000e+03 3.064425303265700534e-02
3.216000000000000000e+03 3.071797961364714988e-02
3.218000000000000000e+03 3.078826970312843053e-02
3.220000000000000000e+03 3.085500525693888815e-02
3.222000000000000000e+03 3.091712665820227010e-02
3.224000000000000000e+03 3.098400411798213697e-02
3.226000000000000000e+03 3.106465470154192582e-02
3.228000000000000000e+03 3.112707061834696712e-02
3.230000000000000000e+03 3.116740482679443425e-02
3.232000000000000000e+03 3.123360716248761368e-02
3.234000000000000000e+03 3.131662248702191120e-02
3.236000000000000000e+03 3.139699762101869768e-02
3.238000000000000000e+03 3.146261925670251758e-02
3.240000000000000000e+03 3.151816448493710565e-02
3.242000000000000000e+03 3.157487995290541444e-02
3.244000000000000000e+03 3.165193243374097437e-02
3.246000000000000000e+03 3.173550358107142533e-02
3.248000000000000000e+03 3.180079554395487396e-02
3.250000000000000000e+03 3.185978320587188467e-02
3.252000000000000000e+03 3.192419436489263296e-02
3.254000000000000000e+03 3.200823067143565570e-02
3.256000000000000000e+03 3.207853678361276273e-02
3.258000000000000000e+03 3.210818713544733027e-02
3.260000000000000000e+03 3.213692671268046641e-02
3.262000000000000000e+03 3.217204780489740096e-02
3.264000000000000000e+03 3.220921035440331426e-02
3.266000000000000000e+03 3.224855592614592203e-02
3.268000000000000000e+03 3.226814866640960455e-02
3.270000000000000000e+03 3.230831395140300322e-02
3.272000000000000000e+03 3.236020301624107504e-02
3.274000000000000000e+03 3.240365122353715266e-02
3.276000000000000000e+03 3.242924957935411356e-02
3.278000000000000000e+03 3.243991448519379511e-02
3.280000000000000000e+03 3.245823218733576154e-02
3.282000000000000000e+03 3.248573500871684144e-02
3.284000000000000000e+03 3.251510044168346575e-02
3.286000000000000000e+03 3.253411821225357659e-02
3.288000000000000000e+03 3.253415456012656581e-02
3.290000000000000000e+03 3.255312629995596452e-02
3.292000000000000000e+03 3.257632897668346489e-02
3.294000000000000000e+03 3.259570475596661188e-02
3.296000000000000000e+03 3.260839286595240694e-02
3.298000000000000000e+03 3.260498176277001198e-02
3.300000000000000000e+03 3.258444147137225938e-02
3.302000000000000000e+03 3.256661761668564609e-02
3.304000000000000000e+03 3.256599796997902002e-02
3.306000000000000000e+03 3.258160124944818603e-02
3.308000000000000000e+03 3.258572522136685828e-02
3.310000000000000000e+03 3.258976253747241508e-02
3.312000000000000000e+03 3.258520403512465274e-02
3.314000000000000000e+03 3.258552857908949413e-02
3.316000000000000000e+03 3.258971915507474781e-02
3.318000000000000000e+03 3.257922825022353808e-02
3.320000000000000000e+03 3.256966228756640741e-02
3.322000000000000000e+03 3.256389938919215798e-02
3.324000000000000000e+03 3.255693812885495503e-02
3.326000000000000000e+03 3.254887126837801431e-02
3.328000000000000000e+03 3.254082787351209732e-02
3.330000000000000000e+03 3.254164890767646118e-02
3.332000000000000000e+03 3.255223126817237411e-02
3.334000000000000000e+03 3.256369163325892324e-02
3.336000000000000000e+03 3.256640296363164794e-02
3.338000000000000000e+03 3.256807253093892823e-02
3.340000000000000000e+03 3.257455574183339836e-02
3.342000000000000000e+03 3.257317909347547807e-02
3.344000000000000000e+03 3.258241733672269380e-02
3.346000000000000000e+03 3.261124529771964459e-02
3.348000000000000000e+03 3.262349877332436365e-02
3.350000000000000000e+03 3.262579756584694374e-02
3.352000000000000000e+03 3.264467704058610781e-02
3.354000000000000000e+03 3.267218481807582925e-02
3.356000000000000000e+03 3.269580382112208944e-02
3.358000000000000000e+03 3.271349918408837654e-02
3.360000000000000000e+03 3.273522377696209268e-02
3.362000000000000000e+03 3.275203078710665211e-02
3.364000000000000000e+03 3.278052139872133369e-02
3.366000000000000000e+03 3.282167934982916507e-02
3.368000000000000000e+03 3.286496127575275900e-02
3.370000000000000000e+03 3.290129445563293176e-02
3.372000000000000000e+03 3.293087840356936913e-02
3.374000000000000000e+03 3.296348140892799150e-02
3.376000000000000000e+03 3.301093030900077024e-02
3.378000000000000000e+03 3.306124564942641147e-02
3.380000000000000000e+03 3.310064751276591000e-02
3.382000000000000000e+03 3.316083882139841954e-02
3.384000000000000000e+03 3.322505155328957932e-02
3.386000000000000000e+03 3.326452439340012168e-02
3.388000000000000000e+03 3.331791468287748081e-02
3.390000000000000000e+03 3.338325595620081354e-02
3.392000000000000000e+03 3.345977803387977650e-02
3.394000000000000000e+03 3.354420463129927088e-02
3.396000000000000000e+03 3.362398974076762082e-02
3.398000000000000000e+03 3.367237487840851057e-02
3.400000000000000000e+03 3.369909494791871463e-02
3.402000000000000000e+03 3.376402501855826216e-02
3.404000000000000000e+03 3.384190916878337257e-02
3.406000000000000000e+03 3.393816189585795867e-02
3.408000000000000000e+03 3.402230170809779353e-02
3.410000000000000000e+03 3.410369358419931829e-02
3.412000000000000000e+03 3.419636986608853152e-02
3.414000000000000000e+03 3.429205651540688515e-02
3.416000000000000000e+03 3.438272181488146589e-02
3.418000000000000000e+03 3.446343890402003840e-02
3.420000000000000000e+03 3.455052348183857563e-02
3.422000000000000000e+03 3.463799934283844778e-02
3.424000000000000000e+03 3.471648136254674305e-02
3.426000000000000000e+03 3.479516582359520882e-02
3.428000000000000000e+03 3.487600535875617913e-02
3.430000000000000000e+03 3.495895561578835770e-02
3.432000000000000000e+03 3.504246439160386972e-02
3.434000000000000000e+03 3.511902957483779147e-02
3.436000000000000000e+03 3.518752177069985748e-02
3.438000000000000000e+03 3.524902932962285101e-02
3.440000000000000000e+03 3.530884961642501846e-02
3.442000000000000000e+03 3.536374775823081934e-02
3.444000000000000000e+03 3.541992206044482921e-02
3.446000000000000000e+03 3.546183698217487273e-02
3.448000000000000000e+03 3.549979525587931145e-02
3.450000000000000000e+03 3.552045679337890310e-02
3.452000000000000000e+03 3.553742180449280530e-02
3.454000000000000000e+03 3.554626899856877520e-02
3.456000000000000000e+03 3.554297267240626862e-02
3.458000000000000000e+03 3.553250370294151750e-02
3.460000000000000000e+03 3.551074604574612492e-02
3.462000000000000000e+03 3.546848394746938971e-02
3.464000000000000000e+03 3.542516097942756403e-02
3.466000000000000000e+03 3.537985094623646853e-02
3.468000000000000000e+03 3.532220867799151787e-02
3.470000000000000000e+03 3.524694056412846360e-02
3.472000000000000000e+03 3.516479277532225112e-02
3.474000000000000000e+03 3.505965515665997873e-02
3.476000000000000000e+03 3.493156753851426460e-02
3.478000000000000000e+03 3.479914549132841206e-02
3.480000000000000000e+03 3.465839299792165124e-02
3.482000000000000000e+03 3.450532941011594246e-02
3.484000000000000000e+03 3.433106753893771373e-02
3.486000000000000000e+03 3.414083301456360270e-02
3.488000000000000000e+03 3.394746042490529025e-02
3.490000000000000000e+03 3.373387383550861124e-02
3.492000000000000000e+03 3.350641206350702533e-02
3.494000000000000000e+03 3.326714605776000255e-02
3.496000000000000000e+03 3.301267945221709327e-02
3.498000000000000000e+03 3.274311524973715776e-02
3.500000000000000000e+03 3.246043417549432375e-02
3.502000000000000000e+03 3.216609253553982806e-02
3.504000000000000000e+03 3.186695875679451673e-02
3.506000000000000000e+03 3.154919532703990420e-02
3.508000000000000000e+03 3.121940454918718105e-02
3.510000000000000000e+03 3.088672084629620965e-02
3.512000000000000000e+03 3.054635616928182140e-02
3.514000000000000000e+03 3.019466863388741221e-02
3.516000000000000000e+03 2.983908773561510033e-02
3.518000000000000000e+03 2.947536579261419987e-02
3.520000000000000000e+03 2.911291177251803738e-02
3.522000000000000000e+03 2.874871064154123704e-02
3.524000000000000000e+03 2.836367393415813870e-02
3.526000000000000000e+03 2.797236043732636429e-02
3.528000000000000000e+03 2.758867261883528668e-02
3.530000000000000000e+03 2.720211521965679863e-02
3.532000000000000000e+03 2.681289016302827038e-02
3.534000000000000000e+03 2.642388376144879855e-02
3.536000000000000000e+03 2.602970135664881002e-02
3.538000000000000000e+03 2.563033898474681438e-02
3.540000000000000000e+03 2.523435434318277437e-02
3.542000000000000000e+03 2.487433328041315644e-02
3.544000000000000000e+03 2.449253172706085391e-02
3.546000000000000000e+03 2.409162828508334617e-02
3.548000000000000000e+03 2.368770153081432850e-02
3.550000000000000000e+03 2.330213774474031510e-02
3.552000000000000000e+03 2.292022424737227143e-02
3.554000000000000000e+03 2.253739085200344786e-02
3.556000000000000000e+03 2.214401586567798716e-02
3.558000000000000000e+03 2.175295619982434148e-02
3.560000000000000000e+03 2.136530365166719111e-02
3.562000000000000000e+03 2.097593664419849027e-02
3.564000000000000000e+03 2.059201603717220053e-02
3.566000000000000000e+03 2.021157582671805411e-02
3.568000000000000000e+03 1.982483650444953269e-02
3.570000000000000000e+03 1.944265894713698151e-02
3.572000000000000000e+03 1.907269583085394876e-02
3.574000000000000000e+03 1.870830661033289280e-02
3.576000000000000000e+03 1.832894592450206445e-02
3.578000000000000000e+03 1.795851153264108047e-02
3.580000000000000000e+03 1.759162363464118056e-02
3.582000000000000000e+03 1.722731310195543472e-02
3.584000000000000000e+03 1.686212224604286686e-02
3.586000000000000000e+03 1.649712708392701149e-02
3.588000000000000000e+03 1.613136256033811944e-02
3.590000000000000000e+03 1.577456247151826432e-02
3.592000000000000000e+03 1.541921794386992214e-02
3.594000000000000000e+03 1.506410756236572709e-02
3.596000000000000000e+03 1.470928531549164919e-02
3.598000000000000000e+03 1.436464354588422483e-02
3.600000000000000000e+03 1.402250575458513851e-02
3.602000000000000000e+03 1.367965130989527538e-02
3.604000000000000000e+03 1.333711355876610744e-02
3.606000000000000000e+03 1.299275824119026403e-02
3.608000000000000000e+03 1.265080303156737931e-02
3.610000000000000000e+03 1.231369018435533522e-02
3.612000000000000000e+03 1.197901981562824424e-02
3.614000000000000000e+03 1.164690186027358097e-02
3.616000000000000000e+03 1.131403691704049169e-02
3.618000000000000000e+03 1.099369316772461254e-02
3.620000000000000000e+03 1.067599743678614502e-02
3.622000000000000000e+03 1.035984904617471940e-02
3.624000000000000000e+03 1.005190497246183888e-02
3.626000000000000000e+03 9.746649188125951907e-03
3.628000000000000000e+03 9.446203903110038380e-03
3.630000000000000000e+03 9.149526540325808241e-03
3.632000000000000000e+03 8.863279838874693617e-03
3.634000000000000000e+03 8.583081222531551563e-03
3.636000000000000000e+03 8.310063984369078782e-03
3.638000000000000000e+03 8.040905559021604282e-03
3.640000000000000000e+03 7.778971472590873529e-03
3.642000000000000000e+03 7.522061175966285838e-03
3.644000000000000000e+03 7.273541095968042228e-03
3.646000000000000000e+03 7.032321529322434206e-03
3.648000000000000000e+03 6.796178028000561880e-03
3.650000000000000000e+03 6.562884175349381448e-03
3.652000000000000000e+03 6.339254237687952549e-03
3.654000000000000000e+03 6.124136497865161066e-03
3.656000000000000000e+03 5.910790181809211750e-03
3.658000000000000000e+03 5.702615558970053691e-03
3.660000000000000000e+03 5.500757076169754747e-03
3.662000000000000000e+03 5.306378680719908876e-03
3.664000000000000000e+03 5.116096055838357907e-03
3.666000000000000000e+03 4.932194824602868614e-03
3.668000000000000000e+03 4.752425288701272316e-03
3.670000000000000000e+03 4.581351648046716983e-03
3.672000000000000000e+03 4.416733352819592062e-03
3.674000000000000000e+03 4.254025065023129062e-03
3.676000000000000000e+03 4.096656973196713923e-03
3.678000000000000000e+03 3.945789677912991261e-03
3.680000000000000000e+03 3.801446516510597739e-03
3.682000000000000000e+03 3.660217126636830694e-03
3.684000000000000000e+03 3.535863654909376062e-03
3.686000000000000000e+03 3.407788791851594848e-03
3.688000000000000000e+03 3.281724500917723285e-03
3.690000000000000000e+03 3.158827382508856089e-03
3.692000000000000000e+03 3.044869199532082224e-03
3.694000000000000000e+03 2.931808775947406312e-03
3.696000000000000000e+03 2.826571163895625315e-03
3.698000000000000000e+03 2.724562670586788173e-03
3.700000000000000000e+03 2.627008979671865019e-03
3.702000000000000000e+03 2.531496436820093385e-03
3.704000000000000000e+03 2.436928623362228253e-03
3.706000000000000000e+03 2.350212089566448403e-03
3.708000000000000000e+03 2.263418013394298805e-03
3.710000000000000000e+03 2.179859776448488107e-03
3.712000000000000000e+03 2.099550692853741768e-03
3.714000000000000000e+03 2.023781139709899136e-03
3.716000000000000000e+03 1.950175089847938073e-03
3.718000000000000000e+03 1.879908182073600567e-03
3.720000000000000000e+03 1.810653249170839302e-03
3.722000000000000000e+03 1.745926352450132306e-03
3.724000000000000000e+03 1.683456893799300039e-03
3.726000000000000000e+03 1.620789384696900287e-03
3.728000000000000000e+03 1.560330620590010334e-03
3.730000000000000000e+03 1.502029208206301369e-03
3.732000000000000000e+03 1.447246298385080438e-03
3.734000000000000000e+03 1.391104909863554936e-03
3.736000000000000000e+03 1.340734732302678893e-03
3.738000000000000000e+03 1.291432978880603655e-03
3.740000000000000000e+03 1.243912473230071461e-03
3.750000000000000000e+03 1.015245522341499387e-03
3.760000000000000000e+03 8.443727111542547598e-04
3.770000000000000000e+03 6.768101771473527964e-04
3.780000000000000000e+03 5.516835690489868289e-04
3.790000000000000000e+03 4.299603315113907230e-04
3.800000000000000000e+03 3.402829953319532700e-04
3.810000000000000000e+03 2.547353843207444653e-04
3.820000000000000000e+03 1.938525130055305525e-04
3.830000000000000000e+03 1.380774136929163081e-04
3.840000000000000000e+03 9.978471621669835390e-05
3.850000000000000000e+03 6.653655801444701529e-05
3.860000000000000000e+03 4.528019162802724172e-05
3.870000000000000000e+03 2.797855705645343384e-05
3.880000000000000000e+03 1.762379757569900455e-05
3.890000000000000000e+03 9.911712736064332937e-06
3.900000000000000000e+03 5.719996992750286083e-06
